0 0.6440 0.5280 0.0520 0.0520
1 0.2640 0.3080 0.0520 0.0520
0 0.5780 0.1800 0.0520 0.0520
1 0.6680 0.2840 0.0520 0.0520
0 0.5380 0.5420 0.0520 0.0520
0 0.5800 0.5840 0.0520 0.0520
1 0.4600 0.1740 0.0520 0.0520
1 0.3160 0.5020 0.0520 0.0520
0 0.5500 0.2760 0.0520 0.0520
0 0.5060 0.5120 0.0520 0.0520
0 0.6860 0.5520 0.0520 0.0520
0 0.3080 0.6920 0.0520 0.0520
0 0.3500 0.6500 0.0520 0.0520
1 0.6060 0.4660 0.0520 0.0520
1 0.3420 0.1260 0.0520 0.0520
1 0.3420 0.1840 0.0520 0.0520
0 0.4100 0.6260 0.0520 0.0520
1 0.6000 0.3160 0.0520 0.0520
0 0.6420 0.3580 0.0520 0.0520
1 0.6420 0.4160 0.0520 0.0520
1 0.6420 0.4740 0.0520 0.0520
0 0.7000 0.4740 0.0520 0.0520
0 0.7420 0.5160 0.0520 0.0520
0 0.7420 0.5740 0.0520 0.0520
1 0.7420 0.6320 0.0520 0.0520
0 0.7460 0.5460 0.0520 0.0520
1 0.8800 0.6980 0.0520 0.0520
1 0.8800 0.7560 0.0520 0.0520
1 0.5040 0.5520 0.0520 0.0520
1 0.4620 0.5940 0.0520 0.0520
1 0.4920 0.1600 0.0520 0.0520
1 0.5300 0.4580 0.0520 0.0520
1 0.5720 0.4160 0.0520 0.0520
0 0.5140 0.4160 0.0520 0.0520
1 0.4720 0.4580 0.0520 0.0520
1 0.5560 0.5080 0.0520 0.0520
0 0.4060 0.7380 0.0520 0.0520
1 0.1260 0.6600 0.0520 0.0520
1 0.4620 0.7900 0.0520 0.0520
0 0.3480 0.8460 0.0520 0.0520
1 0.7760 0.3940 0.0520 0.0520
0 0.7760 0.4520 0.0520 0.0520
0 0.8480 0.7540 0.0520 0.0520
0 0.8060 0.7960 0.0520 0.0520
0 0.5640 0.7000 0.0520 0.0520
1 0.5060 0.7000 0.0520 0.0520
0 0.3280 0.8000 0.0520 0.0520
1 0.2860 0.8420 0.0520 0.0520
1 0.2860 0.7840 0.0520 0.0520
1 0.2440 0.8260 0.0520 0.0520
1 0.2440 0.8840 0.0520 0.0520
1 0.4900 0.2400 0.0520 0.0520
1 0.4900 0.2980 0.0520 0.0520
1 0.4320 0.2980 0.0520 0.0520
0 0.3900 0.3400 0.0520 0.0520
