1 0.5960 0.5280 0.0520 0.0520
1 0.5540 0.5700 0.0520 0.0520
0 0.4160 0.8240 0.0520 0.0520
0 0.1640 0.7640 0.0520 0.0520
0 0.2060 0.7220 0.0520 0.0520
0 0.4660 0.5460 0.0520 0.0520
0 0.4080 0.4440 0.0520 0.0520
0 0.2980 0.4340 0.0520 0.0520
0 0.5000 0.5640 0.0520 0.0520
0 0.6000 0.4740 0.0520 0.0520
1 0.6340 0.4580 0.0520 0.0520
0 0.7960 0.2680 0.0520 0.0520
1 0.5000 0.5000 0.0520 0.0520
1 0.3260 0.5740 0.0520 0.0520
0 0.5600 0.9180 0.0520 0.0520
0 0.5180 0.8760 0.0520 0.0520
0 0.7880 0.8520 0.0520 0.0520
0 0.3480 0.4160 0.0520 0.0520
0 0.3480 0.4740 0.0520 0.0520
1 0.4020 0.4860 0.0520 0.0520
1 0.4020 0.5440 0.0520 0.0520
1 0.8020 0.2260 0.0520 0.0520
1 0.6920 0.5040 0.0520 0.0520
1 0.3720 0.3400 0.0520 0.0520
0 0.3300 0.3820 0.0520 0.0520
0 0.5240 0.1800 0.0520 0.0520
1 0.4960 0.6220 0.0520 0.0520
0 0.2860 0.5120 0.0520 0.0520
1 0.2360 0.1100 0.0520 0.0520
1 0.3540 0.7480 0.0520 0.0520
0 0.3540 0.8060 0.0520 0.0520
0 0.4640 0.4380 0.0520 0.0520
1 0.6540 0.3780 0.0520 0.0520
1 0.7980 0.6360 0.0520 0.0520
1 0.8720 0.4240 0.0520 0.0520
0 0.7000 0.6720 0.0520 0.0520
1 0.1860 0.3340 0.0520 0.0520
1 0.1440 0.2920 0.0520 0.0520
1 0.6480 0.6000 0.0520 0.0520
0 0.6520 0.3260 0.0520 0.0520
0 0.6520 0.2680 0.0520 0.0520
1 0.6100 0.3100 0.0520 0.0520
1 0.2280 0.3420 0.0520 0.0520
1 0.4000 0.6940 0.0520 0.0520
1 0.5560 0.5360 0.0520 0.0520
0 0.4980 0.5360 0.0520 0.0520
1 0.4860 0.6540 0.0520 0.0520
1 0.6660 0.5500 0.0520 0.0520
1 0.1400 0.6440 0.0520 0.0520
1 0.5400 0.6860 0.0520 0.0520
0 0.5400 0.7440 0.0520 0.0520
1 0.5540 0.4380 0.0520 0.0520
0 0.5540 0.4960 0.0520 0.0520
1 0.5120 0.4540 0.0520 0.0520
