0 0.2900 0.4320 0.0520 0.0520
0 0.5580 0.4600 0.0520 0.0520
1 0.4880 0.3780 0.0520 0.0520
0 0.3820 0.5360 0.0520 0.0520
0 0.3820 0.5940 0.0520 0.0520
1 0.3240 0.5940 0.0520 0.0520
1 0.0960 0.5020 0.0520 0.0520
1 0.5660 0.4280 0.0520 0.0520
0 0.6240 0.4280 0.0520 0.0520
1 0.1420 0.3660 0.0520 0.0520
1 0.5240 0.9340 0.0520 0.0520
0 0.4660 0.9340 0.0520 0.0520
1 0.3460 0.7220 0.0520 0.0520
0 0.4160 0.2500 0.0520 0.0520
0 0.5500 0.2320 0.0520 0.0520
0 0.5000 0.4980 0.0520 0.0520
1 0.2440 0.1380 0.0520 0.0520
0 0.3020 0.1380 0.0520 0.0520
1 0.3600 0.1380 0.0520 0.0520
0 0.4020 0.1800 0.0520 0.0520
0 0.5280 0.6040 0.0520 0.0520
1 0.2660 0.4880 0.0520 0.0520
1 0.3560 0.0940 0.0520 0.0520
1 0.2980 0.0940 0.0520 0.0520
1 0.3400 0.0520 0.0520 0.0520
0 0.5860 0.6620 0.0520 0.0520
1 0.4740 0.1780 0.0520 0.0520
1 0.6200 0.2560 0.0520 0.0520
1 0.7140 0.5180 0.0520 0.0520
0 0.7140 0.5760 0.0520 0.0520
1 0.7140 0.6340 0.0520 0.0520
1 0.3200 0.2200 0.0520 0.0520
0 0.4400 0.5580 0.0520 0.0520
1 0.6180 0.1700 0.0520 0.0520
0 0.5600 0.1700 0.0520 0.0520
1 0.5520 0.6760 0.0520 0.0520
0 0.4900 0.2640 0.0520 0.0520
1 0.7560 0.2320 0.0520 0.0520
1 0.9440 0.3500 0.0520 0.0520
1 0.9440 0.4080 0.0520 0.0520
1 0.8180 0.2560 0.0520 0.0520
0 0.3440 0.2460 0.0520 0.0520
1 0.3860 0.2880 0.0520 0.0520
1 0.6300 0.0980 0.0520 0.0520
0 0.1420 0.7160 0.0520 0.0520
0 0.1420 0.7740 0.0520 0.0520
1 0.3560 0.8920 0.0520 0.0520
1 0.3140 0.9340 0.0520 0.0520
0 0.3140 0.8760 0.0520 0.0520
0 0.2720 0.9180 0.0520 0.0520
0 0.6940 0.4100 0.0520 0.0520
1 0.7360 0.3680 0.0520 0.0520
0 0.6380 0.3540 0.0520 0.0520
0 0.5960 0.3120 0.0520 0.0520
0 0.4600 0.5180 0.0520 0.0520
1 0.7460 0.2800 0.0520 0.0520
0 0.5380 0.3920 0.0520 0.0520
