1 0.2480 0.7680 0.0520 0.0520
0 0.1900 0.7680 0.0520 0.0520
1 0.1480 0.7260 0.0520 0.0520
0 0.1480 0.7840 0.0520 0.0520
0 0.1900 0.7420 0.0520 0.0520
1 0.2320 0.7000 0.0520 0.0520
1 0.2740 0.6580 0.0520 0.0520
1 0.2320 0.6160 0.0520 0.0520
1 0.2320 0.5580 0.0520 0.0520
1 0.2900 0.5580 0.0520 0.0520
1 0.3480 0.5580 0.0520 0.0520
0 0.3060 0.6000 0.0520 0.0520
0 0.3640 0.6000 0.0520 0.0520
0 0.4440 0.5620 0.0520 0.0520
0 0.4860 0.6040 0.0520 0.0520
0 0.4440 0.6460 0.0520 0.0520
1 0.7040 0.5340 0.0520 0.0520
1 0.7460 0.4920 0.0520 0.0520
1 0.8040 0.4920 0.0520 0.0520
1 0.5040 0.5020 0.0520 0.0520
0 0.4020 0.3800 0.0520 0.0520
0 0.4600 0.3800 0.0520 0.0520
1 0.1500 0.6360 0.0520 0.0520
0 0.1500 0.5780 0.0520 0.0520
1 0.0920 0.5780 0.0520 0.0520
0 0.0500 0.6200 0.0520 0.0520
1 0.0920 0.6620 0.0520 0.0520
0 0.0920 0.7200 0.0520 0.0520
0 0.1340 0.6780 0.0520 0.0520
0 0.1920 0.6780 0.0520 0.0520
1 0.1920 0.6200 0.0520 0.0520
0 0.6620 0.1340 0.0520 0.0520
0 0.7040 0.1760 0.0520 0.0520
1 0.7460 0.2180 0.0520 0.0520
0 0.8040 0.2180 0.0520 0.0520
0 0.8040 0.2760 0.0520 0.0520
1 0.7620 0.3180 0.0520 0.0520
1 0.7620 0.2600 0.0520 0.0520
1 0.8040 0.3020 0.0520 0.0520
0 0.2700 0.4620 0.0520 0.0520
0 0.2700 0.5200 0.0520 0.0520
0 0.2120 0.5200 0.0520 0.0520
1 0.7060 0.6380 0.0520 0.0520
1 0.7480 0.5960 0.0520 0.0520
0 0.5260 0.4120 0.0520 0.0520
0 0.5840 0.4120 0.0520 0.0520
1 0.5840 0.4700 0.0520 0.0520
0 0.6420 0.4700 0.0520 0.0520
1 0.6000 0.5120 0.0520 0.0520
1 0.6420 0.5540 0.0520 0.0520
1 0.6000 0.5960 0.0520 0.0520
0 0.8660 0.3520 0.0520 0.0520
0 0.8660 0.2940 0.0520 0.0520
0 0.9080 0.3360 0.0520 0.0520
