0 0.4240 0.6280 0.0520 0.0520
0 0.3820 0.5860 0.0520 0.0520
0 0.4500 0.4160 0.0520 0.0520
1 0.4720 0.4940 0.0520 0.0520
0 0.4140 0.4940 0.0520 0.0520
1 0.5140 0.4860 0.0520 0.0520
0 0.6400 0.2080 0.0520 0.0520
1 0.6400 0.2660 0.0520 0.0520
1 0.3760 0.5280 0.0520 0.0520
1 0.4580 0.3360 0.0520 0.0520
0 0.2820 0.8260 0.0520 0.0520
0 0.2240 0.8260 0.0520 0.0520
0 0.1660 0.8260 0.0520 0.0520
0 0.1660 0.7680 0.0520 0.0520
1 0.3020 0.5180 0.0520 0.0520
1 0.8020 0.7340 0.0520 0.0520
1 0.7880 0.2920 0.0520 0.0520
1 0.2740 0.8760 0.0520 0.0520
0 0.7920 0.6560 0.0520 0.0520
1 0.2160 0.3400 0.0520 0.0520
0 0.4600 0.5580 0.0520 0.0520
0 0.2920 0.1680 0.0520 0.0520
0 0.2920 0.2260 0.0520 0.0520
1 0.2920 0.2840 0.0520 0.0520
0 0.3340 0.3260 0.0520 0.0520
0 0.5720 0.5580 0.0520 0.0520
0 0.4980 0.5660 0.0520 0.0520
0 0.6880 0.4900 0.0520 0.0520
1 0.5120 0.2540 0.0520 0.0520
0 0.4700 0.2120 0.0520 0.0520
1 0.5120 0.1700 0.0520 0.0520
1 0.4540 0.1700 0.0520 0.0520
0 0.7960 0.4420 0.0520 0.0520
0 0.8400 0.6920 0.0520 0.0520
1 0.1000 0.3420 0.0520 0.0520
0 0.1420 0.3000 0.0520 0.0520
1 0.6200 0.4880 0.0520 0.0520
1 0.3900 0.7600 0.0520 0.0520
0 0.7540 0.6400 0.0520 0.0520
1 0.0360 0.4040 0.0520 0.0520
0 0.5440 0.3760 0.0520 0.0520
0 0.5480 0.5120 0.0520 0.0520
1 0.3540 0.2360 0.0520 0.0520
1 0.8740 0.3660 0.0520 0.0520
1 0.4740 0.4380 0.0520 0.0520
1 0.5320 0.4380 0.0520 0.0520
0 0.5740 0.3960 0.0520 0.0520
1 0.6880 0.4140 0.0520 0.0520
0 0.6460 0.4560 0.0520 0.0520
0 0.6460 0.5140 0.0520 0.0520
0 0.5340 0.9180 0.0520 0.0520
1 0.4760 0.9180 0.0520 0.0520
1 0.5940 0.3640 0.0520 0.0520
1 0.5520 0.3220 0.0520 0.0520
0 0.6920 0.2540 0.0520 0.0520
