0 0.3600 0.3360 0.0520 0.0520
0 0.1420 0.5920 0.0520 0.0520
0 0.5480 0.5580 0.0520 0.0520
1 0.3160 0.5080 0.0520 0.0520
1 0.5000 0.5000 0.0520 0.0520
0 0.3660 0.6560 0.0520 0.0520
1 0.4280 0.5860 0.0520 0.0520
1 0.7540 0.7220 0.0520 0.0520
0 0.2080 0.4580 0.0520 0.0520
1 0.5340 0.4540 0.0520 0.0520
1 0.5320 0.7280 0.0520 0.0520
1 0.4900 0.6860 0.0520 0.0520
0 0.4540 0.4680 0.0520 0.0520
0 0.5120 0.3540 0.0520 0.0520
0 0.4700 0.5740 0.0520 0.0520
0 0.4700 0.5160 0.0520 0.0520
0 0.4120 0.5160 0.0520 0.0520
0 0.3700 0.5580 0.0520 0.0520
1 0.3120 0.5580 0.0520 0.0520
0 0.2540 0.5580 0.0520 0.0520
0 0.2540 0.6160 0.0520 0.0520
0 0.3120 0.6160 0.0520 0.0520
1 0.2700 0.6580 0.0520 0.0520
1 0.6380 0.5300 0.0520 0.0520
0 0.4880 0.4180 0.0520 0.0520
1 0.4300 0.4180 0.0520 0.0520
0 0.5600 0.4000 0.0520 0.0520
0 0.6180 0.4000 0.0520 0.0520
0 0.5760 0.3580 0.0520 0.0520
0 0.5340 0.3160 0.0520 0.0520
1 0.5760 0.2740 0.0520 0.0520
1 0.5180 0.2740 0.0520 0.0520
1 0.5180 0.2160 0.0520 0.0520
0 0.5760 0.2160 0.0520 0.0520
1 0.5760 0.1580 0.0520 0.0520
0 0.5940 0.4660 0.0520 0.0520
0 0.5520 0.5080 0.0520 0.0520
0 0.7100 0.8340 0.0520 0.0520
0 0.7100 0.7760 0.0520 0.0520
1 0.6280 0.1540 0.0520 0.0520
0 0.6340 0.6000 0.0520 0.0520
0 0.8980 0.5660 0.0520 0.0520
1 0.8540 0.3180 0.0520 0.0520
1 0.4740 0.6420 0.0520 0.0520
1 0.0980 0.5060 0.0520 0.0520
0 0.0980 0.5640 0.0520 0.0520
0 0.4600 0.1260 0.0520 0.0520
0 0.4600 0.1840 0.0520 0.0520
1 0.4180 0.2260 0.0520 0.0520
1 0.4180 0.2840 0.0520 0.0520
1 0.6040 0.7100 0.0520 0.0520
0 0.7360 0.4900 0.0520 0.0520
1 0.7780 0.5320 0.0520 0.0520
