0 0.8120 0.7220 0.0520 0.0520
0 0.4300 0.4020 0.0520 0.0520
0 0.7340 0.7020 0.0520 0.0520
1 0.6660 0.3640 0.0520 0.0520
0 0.6240 0.4060 0.0520 0.0520
1 0.6200 0.5500 0.0520 0.0520
0 0.6200 0.6080 0.0520 0.0520
1 0.4680 0.4240 0.0520 0.0520
1 0.1080 0.6580 0.0520 0.0520
0 0.5000 0.5060 0.0520 0.0520
0 0.8860 0.6180 0.0520 0.0520
1 0.3100 0.1400 0.0520 0.0520
1 0.3680 0.1400 0.0520 0.0520
1 0.6280 0.2940 0.0520 0.0520
0 0.8760 0.5540 0.0520 0.0520
1 0.5220 0.6380 0.0520 0.0520
0 0.2460 0.2900 0.0520 0.0520
1 0.6460 0.5940 0.0520 0.0520
1 0.6460 0.6520 0.0520 0.0520
0 0.7040 0.6520 0.0520 0.0520
1 0.4740 0.2220 0.0520 0.0520
0 0.0660 0.3580 0.0520 0.0520
1 0.1260 0.7980 0.0520 0.0520
1 0.6980 0.4780 0.0520 0.0520
1 0.8920 0.6760 0.0520 0.0520
1 0.8500 0.6340 0.0520 0.0520
0 0.5240 0.4660 0.0520 0.0520
0 0.4440 0.8240 0.0520 0.0520
0 0.4040 0.2440 0.0520 0.0520
0 0.3460 0.2440 0.0520 0.0520
0 0.3460 0.3020 0.0520 0.0520
0 0.3040 0.3440 0.0520 0.0520
1 0.5760 0.5200 0.0520 0.0520
1 0.5700 0.4760 0.0520 0.0520
0 0.7060 0.0700 0.0520 0.0520
0 0.6480 0.0700 0.0520 0.0520
0 0.5240 0.2000 0.0520 0.0520
0 0.7980 0.4980 0.0520 0.0520
0 0.8360 0.3760 0.0520 0.0520
1 0.4080 0.5800 0.0520 0.0520
0 0.4080 0.6380 0.0520 0.0520
1 0.4080 0.6960 0.0520 0.0520
0 0.4860 0.6200 0.0520 0.0520
1 0.4860 0.6780 0.0520 0.0520
1 0.2920 0.2980 0.0520 0.0520
0 0.2600 0.4060 0.0520 0.0520
1 0.8460 0.7880 0.0520 0.0520
1 0.7580 0.3120 0.0520 0.0520
1 0.3080 0.4260 0.0520 0.0520
1 0.3080 0.4840 0.0520 0.0520
0 0.5040 0.1600 0.0520 0.0520
1 0.4500 0.4800 0.0520 0.0520
0 0.1400 0.6420 0.0520 0.0520
1 0.1400 0.7000 0.0520 0.0520
1 0.0980 0.7420 0.0520 0.0520
0 0.1260 0.2960 0.0520 0.0520
1 0.5740 0.1840 0.0520 0.0520
0 0.6660 0.4360 0.0520 0.0520
0 0.7100 0.3840 0.0520 0.0520
