0 0.6640 0.6800 0.0520 0.0520
0 0.4580 0.5240 0.0520 0.0520
0 0.1140 0.5760 0.0520 0.0520
1 0.8200 0.3780 0.0520 0.0520
1 0.3520 0.4840 0.0520 0.0520
1 0.4940 0.4220 0.0520 0.0520
1 0.1340 0.6540 0.0520 0.0520
0 0.7780 0.5580 0.0520 0.0520
1 0.7100 0.2040 0.0520 0.0520
1 0.7100 0.2620 0.0520 0.0520
0 0.3240 0.6540 0.0520 0.0520
0 0.6440 0.8960 0.0520 0.0520
1 0.5280 0.6280 0.0520 0.0520
0 0.6320 0.2120 0.0520 0.0520
0 0.5560 0.4700 0.0520 0.0520
0 0.4300 0.1920 0.0520 0.0520
0 0.2380 0.6260 0.0520 0.0520
1 0.2800 0.5840 0.0520 0.0520
1 0.6300 0.2860 0.0520 0.0520
0 0.0640 0.3780 0.0520 0.0520
0 0.1060 0.3360 0.0520 0.0520
1 0.4580 0.4760 0.0520 0.0520
0 0.6080 0.3440 0.0520 0.0520
0 0.4720 0.3040 0.0520 0.0520
1 0.4300 0.2620 0.0520 0.0520
0 0.3880 0.2200 0.0520 0.0520
1 0.6780 0.4620 0.0520 0.0520
0 0.6780 0.5200 0.0520 0.0520
0 0.6780 0.5780 0.0520 0.0520
1 0.9100 0.4580 0.0520 0.0520
0 0.5120 0.4600 0.0520 0.0520
1 0.5120 0.5180 0.0520 0.0520
1 0.6780 0.4020 0.0520 0.0520
0 0.5540 0.3880 0.0520 0.0520
0 0.7720 0.3080 0.0520 0.0520
0 0.3240 0.5820 0.0520 0.0520
0 0.6940 0.1680 0.0520 0.0520
0 0.5340 0.3400 0.0520 0.0520
1 0.4280 0.6340 0.0520 0.0520
0 0.7720 0.7040 0.0520 0.0520
1 0.7720 0.6460 0.0520 0.0520
0 0.7300 0.6880 0.0520 0.0520
0 0.7300 0.7460 0.0520 0.0520
1 0.2460 0.2320 0.0520 0.0520
0 0.2880 0.1900 0.0520 0.0520
0 0.2880 0.2480 0.0520 0.0520
0 0.6180 0.5540 0.0520 0.0520
0 0.5780 0.5420 0.0520 0.0520
0 0.2380 0.3920 0.0520 0.0520
1 0.8140 0.4260 0.0520 0.0520
1 0.3220 0.2200 0.0520 0.0520
1 0.3220 0.2780 0.0520 0.0520
0 0.3220 0.3360 0.0520 0.0520
1 0.3640 0.2940 0.0520 0.0520
0 0.3940 0.2820 0.0520 0.0520
0 0.6620 0.3540 0.0520 0.0520
1 0.0500 0.4820 0.0520 0.0520
0 0.4540 0.3960 0.0520 0.0520
