1 0.7120 0.4780 0.0520 0.0520
1 0.5360 0.5480 0.0520 0.0520
1 0.6140 0.6520 0.0520 0.0520
0 0.4540 0.3820 0.0520 0.0520
1 0.4540 0.4400 0.0520 0.0520
1 0.4960 0.4820 0.0520 0.0520
1 0.4960 0.5400 0.0520 0.0520
1 0.4960 0.5980 0.0520 0.0520
1 0.6120 0.7680 0.0520 0.0520
1 0.1880 0.5360 0.0520 0.0520
1 0.1640 0.4320 0.0520 0.0520
1 0.2220 0.4320 0.0520 0.0520
1 0.4820 0.1100 0.0520 0.0520
1 0.4400 0.1520 0.0520 0.0520
1 0.6640 0.5840 0.0520 0.0520
1 0.6640 0.6420 0.0520 0.0520
1 0.5940 0.7120 0.0520 0.0520
1 0.8060 0.8220 0.0520 0.0520
1 0.7640 0.8640 0.0520 0.0520
1 0.6980 0.7760 0.0520 0.0520
1 0.6720 0.5440 0.0520 0.0520
0 0.3680 0.4860 0.0520 0.0520
1 0.3680 0.5440 0.0520 0.0520
1 0.4480 0.5120 0.0520 0.0520
1 0.6040 0.5360 0.0520 0.0520
0 0.5620 0.4940 0.0520 0.0520
1 0.5540 0.2640 0.0520 0.0520
1 0.5120 0.2220 0.0520 0.0520
1 0.7740 0.5700 0.0520 0.0520
1 0.7160 0.5700 0.0520 0.0520
0 0.8260 0.2840 0.0520 0.0520
1 0.8600 0.5580 0.0520 0.0520
1 0.6580 0.3940 0.0520 0.0520
0 0.6580 0.4520 0.0520 0.0520
1 0.6580 0.5100 0.0520 0.0520
1 0.6160 0.4680 0.0520 0.0520
1 0.3460 0.8060 0.0520 0.0520
1 0.3460 0.8640 0.0520 0.0520
1 0.2380 0.8280 0.0520 0.0520
0 0.4980 0.3420 0.0520 0.0520
1 0.6080 0.1080 0.0520 0.0520
1 0.0600 0.5460 0.0520 0.0520
1 0.0600 0.6040 0.0520 0.0520
1 0.3620 0.4540 0.0520 0.0520
1 0.2980 0.7200 0.0520 0.0520
0 0.3400 0.6920 0.0520 0.0520
1 0.7240 0.5240 0.0520 0.0520
1 0.7660 0.4820 0.0520 0.0520
0 0.7240 0.4400 0.0520 0.0520
1 0.2720 0.8040 0.0520 0.0520
1 0.2720 0.8620 0.0520 0.0520
1 0.5020 0.2500 0.0520 0.0520
1 0.5020 0.3080 0.0520 0.0520
