0 0.2860 0.5240 0.0520 0.0520
1 0.4780 0.4680 0.0520 0.0520
0 0.4980 0.5000 0.0520 0.0520
0 0.4100 0.5240 0.0520 0.0520
1 0.4100 0.4660 0.0520 0.0520
0 0.4660 0.5260 0.0520 0.0520
1 0.3400 0.3700 0.0520 0.0520
0 0.6600 0.5340 0.0520 0.0520
1 0.7020 0.5760 0.0520 0.0520
1 0.3100 0.6660 0.0520 0.0520
1 0.6040 0.4760 0.0520 0.0520
0 0.6620 0.4760 0.0520 0.0520
1 0.2700 0.8860 0.0520 0.0520
0 0.2800 0.6580 0.0520 0.0520
0 0.5580 0.0540 0.0520 0.0520
0 0.3960 0.2260 0.0520 0.0520
0 0.2180 0.2760 0.0520 0.0520
0 0.5740 0.4420 0.0520 0.0520
1 0.5740 0.5000 0.0520 0.0520
0 0.5320 0.1080 0.0520 0.0520
0 0.5320 0.1660 0.0520 0.0520
0 0.1220 0.6960 0.0520 0.0520
1 0.4580 0.3400 0.0520 0.0520
1 0.6220 0.6020 0.0520 0.0520
0 0.6220 0.6600 0.0520 0.0520
1 0.7680 0.8660 0.0520 0.0520
1 0.5340 0.4680 0.0520 0.0520
1 0.5340 0.5260 0.0520 0.0520
1 0.8780 0.7620 0.0520 0.0520
0 0.8360 0.8040 0.0520 0.0520
0 0.7940 0.8460 0.0520 0.0520
1 0.2860 0.5560 0.0520 0.0520
0 0.4040 0.3260 0.0520 0.0520
0 0.7100 0.5380 0.0520 0.0520
1 0.7100 0.4800 0.0520 0.0520
0 0.7100 0.4220 0.0520 0.0520
0 0.7680 0.4220 0.0520 0.0520
0 0.7680 0.4800 0.0520 0.0520
0 0.1480 0.3380 0.0520 0.0520
1 0.1480 0.3960 0.0520 0.0520
0 0.7840 0.2520 0.0520 0.0520
1 0.6640 0.4260 0.0520 0.0520
0 0.6060 0.4260 0.0520 0.0520
0 0.5640 0.3840 0.0520 0.0520
1 0.6700 0.1140 0.0520 0.0520
1 0.4560 0.5740 0.0520 0.0520
1 0.4560 0.6320 0.0520 0.0520
0 0.0280 0.5040 0.0520 0.0520
1 0.3520 0.7100 0.0520 0.0520
1 0.3520 0.7680 0.0520 0.0520
1 0.3520 0.8260 0.0520 0.0520
1 0.4500 0.4060 0.0520 0.0520
0 0.1080 0.5840 0.0520 0.0520
1 0.1080 0.6420 0.0520 0.0520
1 0.7600 0.2060 0.0520 0.0520
